
LinkedIn Dataset Summary Statistics
============================================================================
Statistic        N         Mean         St. Dev.       Min          Max     
----------------------------------------------------------------------------
company_id     29,596   7,516,278.0   18,000,074.0    1,009     98,106,539  
job_id         29,596 3,691,389,485.0 87,083,446.0 133,114,754 3,701,373,527
max_salary     15,478    104,018.3      84,865.7      11.5       675,000.0  
med_salary     1,285     48,115.2      111,836.9      12.0       800,000.0  
min_salary     15,478    76,731.1       57,066.3      10.0       350,000.0  
applies        19,952      27.6           59.7          1           980     
remote_allowed 5,093        1.0           0.0           1            1      
views          26,485      98.7          186.7          1          2,478    
sponsored      29,596       0.3           0.5           0            1      
industry_id    29,596      91.6          304.7          1          3,242    
company_size   28,661       4.3           2.0           1            7      
inferred       29,596       0.4           0.5           0            1      
employee_count 29,596     9,586.7       32,555.0        0         829,111   
----------------------------------------------------------------------------
